label,0,1,2,3,4,5,6,7,8,9,10,11,12,13,14,15,16,17,18,19,20,21,22,23,24,25,26,27,28,29
aa,0.2306946201122142,0.08509255513552602,-0.16621957863700831,-0.018019527799370987,0.0003913538154472079,-0.030198744722654165,-0.08776941377848224,-0.006084955625669494,-0.018270148316355067,-0.06028551724128007,-0.05326857738725367,0.1326123978288703,0.015452675270400541,0.0006696351957450925,-0.03806672635312078,0.01925303453324377,-0.042042468644504685,0.032566730675067025,-0.037840946491733043,0.007148448507389532,-0.0225091434965893,-0.01874329966545016,0.029162552856879933,-0.0570296770007553,0.010375111002999959,0.011015152129669057,0.0024870468880928017,-0.00876219970630261,-0.031682562900929245,-0.007422854155328187
em,0.28572638429196456,-0.026819474532286485,-0.28129881455724487,0.017266085423276695,0.0057057322524777946,0.7780380620046528,0.227605463291545,-0.030395192171329688,0.04577259977180953,-0.014186222052824413,-0.06023541947865556,-0.010962868944794264,0.02030942487341073,0.01786638014534008,-0.017812800851771098,-0.022040016077773738,-0.07352385474780898,0.023652535605433768,0.03862874723573916,-0.0030864782089478375,-0.017422124542438393,0.0019107795223530038,-0.041128276874343984,0.008974707283518015,0.01713367648215124,0.010612683095056598,-0.007740060849198295,0.0108828904662318,0.010657262606131134,0.00480184613093699
ch,0.32416027292651073,-0.1526526656387287,0.07830005871128887,0.016323866932758595,-0.023077486416249793,-0.01400576599007403,-0.049674237655177284,0.012742790323613652,-0.015279629626662036,-0.03641563903819007,-0.11439994327155503,0.11229277323814796,0.032244641091989684,-0.024290945665764018,-0.09509960578550844,0.00018438511848443078,-0.01234779312627403,-0.03259705788293874,0.007271975902857632,0.012803236806842089,0.0488330261803544,0.011307301907674235,-0.011342849994030325,0.010086017830030184,0.08356190931094207,0.014551159052714127,-0.002350917280013862,-0.016858454442642612,-0.017620883993198163,-0.006737744886255427
zh,0.2958867959195674,-0.148172956622373,0.12365762383542547,0.015226225916541925,0.04430187978878237,-0.03465544768112981,-0.03812281798020691,-0.03595613088982763,0.05876393328930719,0.02494587260841753,-0.07279555430852355,0.0011261222699850964,-0.0594047875456998,-0.015655529309376484,-0.04459739618234556,0.02423291062370562,-0.06369517710609217,-0.052273092631940986,0.0378281032929515,0.02307203617544106,0.04631719563450637,-0.09246848703278536,0.014216797783011713,-0.010858762681437015,0.04517707207235685,-0.027824643659053856,0.003815003018985343,0.074083506799321,0.04914095254044974,-0.057666174307214386
eh,0.21949544383375177,0.058981293377537665,-0.19496230622074998,-0.038297867588355135,0.025940240475408712,-0.029476748079467256,-0.11523807140704186,-0.00567293794442478,-0.01368656419981814,-0.09447172861722922,-0.058825819121621624,0.1394765280302635,-0.020880118493742127,-0.04402694820369812,0.061348664371436955,-0.03951720315103079,-0.0738706913336659,-0.022968105527210667,-0.05836920700701038,-0.01363853766872574,0.02786355319918237,0.017529425937693525,0.0018340384666507437,-0.0222473310493663,-0.06742491534781837,-0.01599315624719354,0.037708092569580756,-0.00026844987444949863,-0.005766794283871318,0.00220089574795713
el,0.25368609600888825,0.1336806697310072,-0.07571282098191814,0.14899203525263216,0.04330608130735463,-0.0033892132823036534,0.0351220562836888,0.013066557005086485,-0.042163310717734645,-0.10180784800185258,-0.03336493354951681,-0.09060435731511958,-0.04097440523986356,0.09805735078525846,-0.0038786731155989406,0.006903589211802218,0.11703497978986155,0.028126693433171743,0.12113498959994815,0.13662166254832336,0.004506591499609723,-0.025913009420128495,-0.00950352241407144,0.0018573136662358965,-0.062149299693507964,0.015343525774524918,0.08266626604651502,-0.10459106132031487,-0.10664827324609889,-0.06828018573924186
tq,0.2858031559745581,-0.09238335947275168,0.04519536164629298,0.007632107730072957,0.21957482699417352,0.07831767009884777,0.07314022093186097,-0.0031951919318179397,-0.131035948434922,-0.027840350793874896,-0.07169175375584615,-0.07120065942696018,0.041436030796054533,-0.05730275244829315,-0.06810313802779949,0.006050505116728577,0.09897767994151381,-0.024465391262084253,-0.09110336163293668,0.015011304766364246,0.09523401223721557,-0.05060838902596909,0.10896378372618132,0.024154214411177016,-0.04934991240731317,-0.00639884038460415,-0.009999701122263253,0.008969165955881538,0.011524931415993632,-0.04527761292314028
ahn,0.2565874047415924,0.09025523635457268,-0.10291618578287624,-0.07437599369812924,0.00041553501644836147,-0.044810926535884824,-0.0006617561290298987,-0.031230944801002015,-0.04067364759371368,0.01742425653505975,0.0323485048319134,-0.04581995208488033,0.0343884986237481,0.07623593774389703,0.01682234963963551,-0.01040226418155146,-0.07698365289665171,-0.018321651139617475,-0.01534006078322321,-0.017243545070588874,0.037042073188848244,0.03211415963233768,-0.0076452961146946784,0.024899717510274453,-0.023928263045977144,0.025616516262417444,-0.009514833237367492,0.00851643636825173,0.013091474026494763,0.007778809654756776
ao,0.21890573251168827,0.018659191998595274,-0.18209496821374888,-0.026155804314283198,-0.0024327865470688227,-0.058739519675921156,-0.14939211824077878,0.01631836805944543,-0.03438961370148528,-0.09284926105802463,-0.1773866034369779,0.242789542390656,0.1734393676761827,0.04504350666012687,-0.07813285876999758,0.09235388347854774,-0.05821531997519698,0.05766831850217909,0.07674845191539459,0.07485788241089414,-0.07262161528811024,-0.028880409639482085,0.01493420979295509,0.02501258023461605,-0.04455897303352948,0.02099763225321488,-0.03036633943376357,0.004882758764658029,-0.0023121239780436124,-0.006115314848662127
ih,0.1953799113946253,0.06492317028074268,-0.18120102052566764,-0.03362902256259531,0.04257931644456387,-0.05084835810871816,-0.07253335464518797,-0.007575660521918602,-0.001902732064488056,-0.0222542638246768,0.02077674125254391,0.02770305500915792,-0.03240834995581601,-0.04483174448281165,0.0569265484070313,-0.05177225169789256,-0.01563704835879621,-0.029309402349474357,0.011920609299702987,-0.013713166062905747,0.0006395027243764326,0.009044666475998673,-0.022162910006866255,0.03700059334943882,-0.03162777073340524,-0.007967969365438763,0.0007556794594706931,0.027914703860384013,0.032650496841702514,0.00139724594662037
own,0.25915930828955364,0.21109092754550493,-0.104990665721282,-0.00591845929795147,0.0410895729310778,-0.05672351041245439,0.011326152751922353,-0.2485304338820832,-0.24326176040974382,0.4319300060772722,-0.12112720904373243,0.059723452756300664,-0.07442422518889966,0.05371078593997786,0.04558471960823747,-0.07040823147061913,0.05566620733252636,0.11374182914900649,0.05523667043849331,0.02462114407983172,0.018157660936452127,-0.04617205860443542,-0.0488349416254055,-0.0022174978846154544,0.02492533377084579,-0.03508575686786206,-0.029222850677456214,-0.02312381163483137,0.012592786856446886,0.027873812733001133
ihn,0.23219871788096805,0.04006978379315685,-0.10051735397719964,-0.010886732554158422,0.005062839924101953,-0.052632556349718654,-0.04399028723420154,-0.023452553712015087,0.021939327048708993,0.058495314945882095,0.031126562447108784,-0.005819357958947954,0.032566741587871505,-0.012878766828332196,0.0703829757076985,-0.023411628910401824,-0.02522744288663973,-0.06554052075154188,0.007637390348133096,-0.015872370612527935,-0.03341807705777734,0.002404101678646153,-0.03953075773334295,0.03234159915465861,-0.008802204444061497,0.016899844449555567,-0.035912324946903385,0.027559915788463146,0.030109217612261315,0.01396914799840779
aw,0.24669637738870095,0.1180284588051958,-0.18985772731965406,-0.003754776302172127,0.033462187232473135,-0.004778631577220871,-0.07398435664585237,-0.02412044855953589,-0.05740257578375655,0.0218352096288587,-0.002620833220556889,-0.0021438587599600305,-0.1425822835011723,-0.14182499525706557,0.025415752765649533,-0.009915541522599356,-0.07384486017401952,-0.0013174737376744892,-0.07612326126299551,0.055425157734657324,-0.01951996481451027,0.04932925924719363,-0.035072791031281705,-0.12813852727563158,0.05112524067758587,-0.008617407579849645,0.005997857593840052,-0.030614339141792436,-0.04510622645430485,-0.04250349145357604
ay,0.22616349744530745,0.018941716807298538,-0.1851527388049474,-0.029405433086208438,0.03195003557487186,0.02725638443937602,-0.09098521695404833,0.019756871740437065,0.037351249758819996,-0.032819413332559985,0.027103598446209458,0.028772509523480237,0.008679674118303967,0.0462009273867787,0.09967216916773683,0.0074941798190743675,0.09472383437426969,0.004421188673598675,-0.01591201050024246,-0.1488345860155589,-0.07085253539546411,-0.0915088615983644,0.0898028941479292,0.0011610731408512613,0.08872373483785351,0.02829609849604616,-0.0393261372353898,-0.043536122551555666,0.024768988260137282,0.05899675004928765
ae,0.21446519748046822,0.08547689654064843,-0.2026368680828756,-0.01796541747526757,0.05069378007023166,0.02736469800957587,-0.04078213956656554,0.007527705279296934,0.016758459623635678,-0.016518712887138635,0.040633209849724926,0.055633593638922965,-0.06066748463897599,-0.11188299593005432,0.09870887808484699,-0.07056888684401301,-0.05118263055470012,-0.03151930142040626,-0.06594464763307699,-0.08103520987031862,-0.023614864062745152,-0.008475511482652503,0.021155245652029375,-0.06240794559833249,-0.057288697265321646,-0.059773109507545656,0.06335454754367353,-0.01288775950022839,0.0002696418728483672,-0.03194338262908217
eyn,0.23367149816880184,0.14884244929842502,-0.08248751489854987,0.08003751803165145,-0.008226919802289248,-0.014583931060345104,-0.07924458189080745,-0.03424158148764904,0.010218892852365005,0.07997249796541979,0.023058022620175558,-0.017329575100044417,0.04594919296890922,-0.044361887209521854,0.09778059801985528,-0.0076565421315946906,0.010505651982615539,-0.08384828785679237,-0.0335358218355462,-0.015603374629886197,-0.02436788206902258,-0.0001885254683408076,-0.07301102332793348,0.15600895966042333,0.055024678991229835,0.15199722727054682,0.03799736263654845,-0.02553806498178495,0.020959899152725753,-0.1439455917116495
er,0.2134645211715236,0.05702931133916781,-0.12965100813189306,-0.031089263970091846,0.05028393947987391,-0.02756238427161845,0.001290443411688569,0.034647127206167846,-0.009794502800351027,-0.0495892632123239,-0.02117751777976873,-0.03870960650542064,-0.022275797267101577,0.06824238056741887,0.003145087508057017,-0.0411019108678363,0.0294804197785469,0.008221783951580674,0.03331749434877617,-0.025258369853796755,0.02322244662556311,-0.007542045487054098,-0.033844792081835016,0.03010598800904081,-0.05209486226116108,-0.011526123350839695,0.002067354552565706,0.0031947017957200396,0.00788386001733149,-0.00035734387217761223
#,0.24504599319059542,-0.0675871735619553,-0.037843297168450175,-0.0035273124313774853,-0.0450821330887286,-0.039925836871918245,-0.01563159137164767,0.007134835546096301,-0.04137349707759099,-0.014881474009095527,0.012939507641007441,-0.03204628532709531,0.028114187651231658,-0.0160291115545586,-0.004031450781175509,0.0507959670867803,0.02636681265207034,-0.047908958940565835,0.016563897232129355,-0.02556234087440177,0.03375786852416645,0.03885784553245399,-0.04551280687617467,0.014080121630725442,0.009515009956828217,-0.016927913714567276,-0.003708799950757246,0.015961046556993996,-0.016645423051722633,0.047668840560550894
ayn,0.2578315217261052,0.019882589127702795,-0.21895580832496894,-0.05191680312641535,0.011476461894356473,-0.06744788269423621,-0.018754366543002575,0.1702776131794162,0.017793040972247442,-0.03546301035099314,0.06147281561057175,-0.07116056440685764,-0.07584338245271262,-0.08556207727984967,-0.16033800241146473,0.14933622765224216,0.0620459366731448,0.21749853193690155,-0.06007518085578596,-0.06405034403751599,-0.047289883046482774,-0.015331782207363826,-0.15572525936738513,0.00854698511422298,0.04402683180176684,-0.022170168844346503,-0.013889518098126425,0.0010951709367654704,0.060726929653706796,-0.025904772710711274
eng,0.25822482912548317,-0.05489149191528003,-0.06284222801564045,-0.002159028953433248,0.06559500130024327,0.01536832989873129,-0.02642933591919288,0.00940838795047033,0.09895887346812365,0.028720165076510866,0.0604409598827552,0.003176592061860342,0.13696787369953728,0.016683489872512662,-0.022064524807101606,-0.09945243458232336,0.19365300220836992,-0.157043955508937,0.019374466720308136,0.022985685062553336,-0.0950124238570694,-0.052554911688316296,-0.12758991224789562,-0.14932824265785172,-0.02568317785700597,-0.018008435179634002,-0.0556639917586013,0.02620587189919438,-0.01188541584951278,-0.01197714848272289
ng,0.38296841631217654,-0.21472364273505817,0.25690934581863795,0.06909639762021982,0.6629636791057116,0.03781868102698771,-0.07659688713102952,0.003960884023003393,0.25081614071351743,0.10848629100462981,0.08258381230414277,0.08715040442537071,-0.028673944513266877,0.0829571153682911,0.06646269240359533,0.07438668906803128,-0.013311757314453365,0.05480689537737357,0.027233186320742852,0.017948202588981242,-0.003207993610843183,0.07592896776085743,0.016156122595843876,-0.005839511733076159,0.022811283327788933,-0.007453609517034566,0.030354404924366467,-0.009872777198555623,-0.005733501560188527,0.005522723217083805
nx,0.36335045468044663,-0.2121290896218208,0.2908640240814892,0.01368959474007864,0.048207708277018084,-0.026284896221292382,0.06608851620089197,-0.05103542775518146,-0.13450563913844388,-0.045511931150646834,0.08645815597043306,-0.04469897814289996,0.024996190745489054,-0.016752633052433744,0.05628194818261785,-0.04787877920594845,-0.14556167277652352,0.09092749097536629,-0.02961300033548787,-0.017192512798846236,-0.10873273185940042,-0.05786248898103535,-0.02322695092286445,0.009655884785984422,-0.07508121407694993,0.04583002067357353,-0.07110190070076412,-0.018015230304343547,-0.059688300536622545,0.011892660321652199
oyn,0.3599564259119488,0.9029717656456219,0.18452386819507227,0.809115806891577,-0.04679447099750264,-0.021629429722219127,0.07962031195175719,0.03049973048823662,0.0360592236594368,-0.007224234317713439,-0.0005876731103260999,0.02759381278776856,0.03506089071579707,-0.01111750303178585,-0.0340894733713517,0.03427518844711137,-0.025566132546309333,-0.007003822860663097,-0.01566290719500815,-0.06656636052051927,0.008286046045558566,-0.003324024611309493,0.008000048744095831,-0.02183378722045371,-0.011498726530207195,-0.018391177128077894,-0.010735992256912748,0.015742635182501127,0.011153399508626744,0.021568323954547608
iy,0.21898910491562634,0.03657957648298893,-0.15925835165462213,-0.010185211560975974,0.036639277331409516,-0.015263087524976654,-0.04769767233442815,0.007039146716896067,-0.002653839884674195,-0.055288702350771185,-0.05871383247758731,-0.05061513185680147,-0.024287466544446974,0.022090715981916982,0.060006372024604765,0.009820883026702563,0.011891295830944448,-0.0190538430467645,0.023741985051052426,-0.018261553377174375,-0.013160869206100554,-0.022449614812759432,0.0267261072667104,0.003476527706911569,0.018172659615963687,0.010802208515028888,-0.0020406227965694165,-0.0005833991847744946,-0.023849415754517895,-0.012498100770401976
r,0.2635880487137207,-0.05556883947362524,0.07668608415923421,0.01776926669599231,-0.037914693765567775,-0.008121246920603694,0.04133342996995371,0.009493017109242224,-0.06141330507960578,-0.05620281694158292,0.03909103664294426,-0.03978417807579541,-0.009198890037776485,-0.01689437810895574,0.03135433048111257,-0.02917445817226894,0.029929264680061896,0.056220089169254306,0.011777997641080791,0.017247456823391613,-0.0529357865953936,-0.05318152422979395,-0.006406599617205472,0.00931691039878877,-0.06865888269388506,0.05730811348619464,0.011209050983340385,0.0075696240078331955,0.00824979296834324,0.01936002533395218
en,0.24596985856415812,-0.005786381817091854,-0.10341508811570921,-0.003457328180035051,0.011388897602201157,0.012589916607867421,-0.03850051052381012,-0.022129695506352406,-0.028153783166025712,0.01845143950006426,0.02995259641496398,-0.012079762498877347,-0.018826443531884358,-0.004578648548982643,-0.0047975240658080995,0.01431552289343202,0.03179908751798794,-0.06652036334701081,0.016561059800131336,0.001834279741800812,0.022082253139367642,0.04578113832128162,-0.015273046074268298,0.05017164314783547,-0.044317340702884754,-0.01664729461224866,0.016747293427377376,0.0050343734205505935,0.01243303329414059,0.0694665987376883
th,0.38907200661243835,-0.20755790760614923,0.13975502125656245,0.02887494286198826,-0.17686865212574693,-0.048741912913587614,-0.04637474143329237,0.020689880285146074,0.24059816019558825,0.05909643332583159,-0.2888914837049984,-0.09597623797395753,0.03098264794773903,-0.0763074781436993,-0.029873234553682442,-0.1880558441717741,0.05478802744417518,0.11875540912394822,0.00932654433921137,-0.06024889265335005,-0.047750792657823046,0.15810552704522723,0.052805062986386306,-0.024237835513327772,-0.023765414456897872,0.04071267128255874,0.012808574994189767,-0.020560601844257627,0.01890666104781434,-0.007147237170097069
ah,0.21348958855751568,0.05865267606549295,-0.17325724832778203,-0.04899632464662601,0.03220819724028231,-0.0033980053754856967,-0.06749399062395971,0.00965684639166,-0.0192390717469411,-0.050728739478064215,-0.012030415842062459,0.024360491780139912,-0.023574686979055088,0.011553043619400962,0.030792281104490418,-0.03768015983452588,-0.00151920971469546,0.0020406029307689613,-0.018967545964905616,-0.009959404729417998,0.05270833102258478,0.001692068138695435,0.0025360574845477634,0.0024734303835430497,-0.03321834304321636,-0.018813018170712823,0.025472607652254883,-0.0026011834434601774,-0.008168755555546258,0.014632312802741526
ehn,0.28196023971695805,0.11878759985571612,-0.06924628368436332,-0.045475320973128217,-0.0756338436830188,0.02450301725153308,-0.04858755569355273,-0.02279243081597187,0.01924992478051301,0.085207856823291,0.05135995011462023,0.01649672413620714,0.01211848012746415,0.04858281578366081,0.04424786493484779,-0.0174420072546283,-0.034212930294383895,-0.010269756061891577,-0.05261132667085625,-0.014356846239844137,0.061057837154986805,0.022171037234610676,0.018370987536230645,0.012677981007254894,0.010713551169071701,0.03267190384521801,0.004452101793111372,-0.0003186661729606297,0.023536418035749244,0.004389040929218992
iyn,0.2847801165178385,-0.05492810943621488,-0.10240196611120474,-0.015255705307397071,-0.10148024168596328,-0.028588786583323308,-0.09148494109422485,0.018902575999614517,0.11322909229298765,0.04147866506722228,-0.10354805941181572,-0.24083441474377232,0.2315505353450693,-0.01490689571316052,0.22439749304231657,0.18830811349633308,-0.04596958281886904,0.05485401245447821,-0.01183593759692572,0.037122553888165634,0.07759420884272877,-0.04184643668169777,-0.008831233794812446,-0.030339942227790694,0.003571552720105968,-0.06918488699555862,-0.037296065158378265,-0.009384141170194822,-0.024262892433795973,0.006899560716995673
t,0.3034148511693014,-0.10098036353976486,0.021510474069822632,0.010753605176761159,0.039154916233114574,0.005245737783643996,-0.03164455917485491,0.028960493137227004,-0.028048349301604714,-0.018937045582968045,0.011927001788716652,-0.02829777524964333,-0.017325898950330935,-0.033367134968906524,-0.06654427643440776,0.025642715750286798,0.026416854482404713,-0.03378366631949527,-0.019937111839528045,0.013172108925796486,0.09074498963164843,0.03148525836820995,-0.01758362956293098,0.07991819672501982,-0.03260759379146386,0.04330686174168072,-0.0036513937119732765,-0.04519565719708386,0.03388762170519947,0.07431599573228892
w,0.32824112270223194,-0.15317756367214436,0.0664752653913627,0.005905731103193642,-0.195600958281537,0.00175139892675498,0.022118026670079022,-0.0017567973496425188,-0.026098688190275752,0.0057431461570937115,0.1123351452590391,0.013892175596597873,-0.039437519738349455,0.09384345407787244,0.01420188244612062,0.05641619340012993,-0.03655839313854176,-0.0687209734669278,0.020557937533277486,0.002961981706226797,-0.0828297772441871,0.057396846396560175,-0.022366299443891922,-0.01498110146879229,0.008066540989178724,-0.06721884950063158,0.043193720861727514,-0.1068632351280227,0.0463574085562654,0.011428854464973713
dh,0.3261706766539505,-0.15405105316192705,0.06470563704254319,0.009906050688787364,-0.19902148833450084,0.01807327124639319,-0.00027044668037307123,0.01706903263297428,0.01909205082782297,0.016569972374328164,0.10642548657913709,0.053115692361944696,-0.06212176287906005,0.0425873842202106,0.017928033930278992,0.03033631415342364,0.03445097719131789,0.008573962844607872,0.015852160249649683,-0.049759949833046234,-0.038714252661727226,0.08354108505825236,-0.002335213074816722,0.08374983739470188,0.025575334841790892,-0.07732160606380112,0.00037555637646604354,0.004151966852832373,-0.1170266385286672,-0.04088002436056621
uhn,0.1990509457692874,-0.011152890080411811,-0.17405279260681103,-0.06813290753565836,0.003874131188172202,-0.2280485944077196,0.4296771032584282,-0.48543281023510504,0.1973671732473547,-0.16219691872921224,0.04295240850759549,0.04061510861322914,0.031217455061450607,-0.07303262858246067,-0.01002426529080995,0.03739014351657874,0.006971582532363786,0.013808959829267503,0.010096377514448827,-0.006018256305447725,0.04143201069063719,0.013907391329660098,-0.01791584478054678,-0.0010264304438902018,0.024250549832419307,0.003005327097147637,-0.005006903248845452,-0.018172002084696152,0.00728110782832523,-0.002335777354216807
aon,0.2981634205569027,0.04995544768756527,-0.12772934341691417,-0.04831055480431556,0.0010613473317570884,-0.039953570339968096,0.06710091117640897,-0.11399519129287931,-0.06432440212240606,0.015575898415601485,-0.08812352279342962,-0.0681488307828994,-0.009872955705509374,0.23900007559266892,-0.06129716405623402,0.09868574474966968,0.04338377986765904,-0.03703711478497314,-0.18988371437945376,0.017150697812477408,-0.16705955543727913,0.04941256838611723,0.07959976968018169,0.007771890702619552,-0.012253758833064341,0.0035977993125564708,0.03461393978020298,0.0945570818426413,0.012635262877188363,-0.014207737596368071
y,0.3231814144254282,-0.14417345947278293,0.023274774104043192,0.014955317657093743,-0.2803755570542535,0.09293081690743789,-0.031000872325513597,0.01149586091329483,0.1829169863864984,0.04739351580876918,0.06985590531468844,0.1326926330190481,-0.15809125760447948,0.053535714478745514,0.02610805967335442,0.04895562637877417,0.07929957558966601,0.015013172936418226,-0.04133992814138131,0.024218981652782672,0.07646846609702236,-0.07114437343645395,0.09821323423551524,0.009425089864380724,-0.06382277426838424,-0.01865876823413253,-0.11176733265835345,-0.06115415272310824,0.021532193590704726,-0.037219662014770394
hh,0.2476256691344168,-0.11592389404437894,0.04920953764540623,0.009310720445457521,-0.15860433242919633,0.032023688277813066,0.013037842001754448,0.013547323902528522,-0.04382579135809022,-0.0008878415030833039,0.1099854634334208,0.09804776252245292,-0.03465704857679975,0.012182066550777334,0.09251053554724319,0.04388224885432831,0.0912967740252525,0.0750924754495216,0.04088112354123115,-0.024821054992915658,0.0894856175566099,0.06804005054994312,-0.01218497813647111,-0.0550464211961092,-0.022599426214601953,0.09591291388053774,-0.032635902947455074,0.16938735536301106,-0.0671863182808693,-0.02826517649091019
b,0.3213077806007436,-0.15295913099141967,0.07471476266599361,0.011494281680675159,-0.15943783493007418,0.0045740572463625105,0.00867767979853087,0.003625709296800579,-0.07126129982492727,-0.00858717164159437,0.0673010181897648,0.027578037426951942,0.014754282071326688,0.06288766602862034,0.07282505071302327,0.05865976755702816,-0.024582419540223582,0.013417279106762726,0.051960873771043935,0.009501224469415119,-0.017263644467005828,0.03336360594765917,0.015998253200427602,-0.059177341616479376,0.012840651534238627,-0.0266334197063276,0.06458160075108539,-0.01863581569647614,0.062005851871890574,0.005344592340978131
jh,0.3890753222289917,-0.20394791648348712,0.13452086719376552,0.01869046051102426,-0.15539898878204772,-0.03266351653510398,-0.02589433532103922,0.002260740274579128,0.16156227882625296,0.05867191836773385,-0.11614320358474865,-0.04991120298919869,-0.13201661391043967,0.005234586725155122,-0.06092371168607709,-0.008054073580057277,-0.07056956909096197,-0.08120628643520567,-0.011476809341527588,0.009741851371848121,0.003184692824732597,-0.1557715810444173,-0.04801329309412585,0.029201376951888236,0.06609149608999836,-0.0005133632188476602,0.10082734797099133,0.05708475960837195,-0.08872039447749372,0.0669179550306304
uwn,0.2615132660952538,-0.043235165388959336,-0.18246721298774768,-0.0641071641208572,0.04116891452526876,-0.20110981688389126,0.5010641128553079,0.4318457597589402,0.003919922847151524,0.11665988351355948,-0.03152610655304836,0.07781439578864334,0.028029883063005336,0.024575264872417367,0.0603398347735261,-0.04143973301791669,-0.033365870727103834,-0.034681979365370944,-0.04153065341659949,0.055262951700613336,0.012644532580345048,0.000161341697575293,0.0239120872451988,-0.0165056930823374,0.05011470701440271,0.045937487501162354,-0.02685905464932159,-0.026775557523355104,-0.01558406372896689,0.014866653844595967
dx,0.33998150550104655,-0.19566944492304786,0.21988864188627155,0.01706566837868786,-0.04063559052266496,-0.03310721997263627,0.03968611028120918,-0.02685147460313245,-0.038889453439705485,-0.010634411188807766,0.004107416735775345,-0.06879554629313164,-0.011817415980477058,0.003815946003494396,0.013594727596962846,-0.04518919862032788,-0.07132144229527866,0.0161651317477184,-0.00956005012823123,0.0043386407854550425,-0.05906985374986609,-0.042694878139681175,0.023399327307338777,-0.01551821737221295,-0.01952199733052376,0.022657860191420104,0.005494726592414935,-0.014101044122933452,0.04673748139449514,-0.02514872003206121
f,0.2857120432213311,-0.11991002850506385,0.08583638871305495,0.018711178339716826,0.017286157338318234,0.010492649204420364,-0.03462249509841925,0.0020926030713442545,-0.07052921225219537,-0.0363417604768807,-0.01861853535507411,0.0815214017474845,0.0501844026837461,-0.018899016504838977,-0.03623896468762352,0.010725003157336327,-0.002972670124840662,-0.018655513334845164,0.001412655066606222,0.00037691618232333246,0.034207215522090655,0.02427954303000693,0.0014889625751651656,0.018519561730044282,0.05906865631041269,-0.03194999187131185,-0.02668127528932972,-0.0004788470202901285,0.008720835065811991,-0.0035048880542626285
d,0.3024298024175442,-0.12503623710130007,0.06021743990466151,0.005186472929927516,0.01653197489949876,-0.006588483795431564,-0.008080424696873506,0.016769579768775723,0.029674490626944952,0.005931307962495581,-0.025675371716934126,-0.018612042394953086,-0.06994423281145574,-0.01653214857765485,-0.04658054553115237,0.0287224646284854,0.016033552111724362,-0.0148318922447605,-0.024898269090376467,0.0030888246199328277,0.030530658793162923,-0.030449142826555343,-0.004174028880671315,-0.014440486744448425,-0.01933949778268003,0.01535396078700218,-0.03225768033729428,-0.0051154110490311015,0.009141466301996198,0.008131656346224255
g,0.2943828218754911,-0.15460557925772014,0.11627649970813315,0.017635077635489608,-0.010437157466357478,-0.025760361442471583,-0.030793475618593986,-0.026755381622281207,0.03733857193306247,-0.00448532332713294,-0.02929224975816533,0.05889086392568638,0.01823442853212723,0.011105387024991982,-0.01070175602790352,-0.007384318305464809,-0.052990687904351456,-0.038504042075947154,0.010142183058827383,0.000549247771446875,-0.03836467053845724,0.01600003665235389,-0.08176428039096259,0.02142199197944955,-0.026181057447869558,0.015945852324135337,-0.07047094564691089,0.008128729172197872,-0.04727590780902236,0.04067761589257843
awn,0.272339016115601,0.060151581141013245,-0.19390061182792154,-0.04838321311029611,0.02448432099294444,-0.0309098669848043,-0.04666293609143279,-0.019729147431493954,-0.06756212637043206,0.1086239154550988,0.06416399407689372,-0.15174593152936983,-0.0692556506829292,-0.1066078136973569,-0.13683124232710844,0.12782338975622615,-0.07302976151553077,-0.10606905986241397,0.1771673279004691,-0.03866055853457652,-0.044964761842225955,0.059297251548728905,0.12320365936826348,-0.06796783371328377,0.005952855198178677,0.08930221366164563,-0.07018208138735044,-0.0104678681736426,-0.021564522900442532,-0.003282185826499872
k,0.29041139138360944,-0.1150409623125293,0.07301813915559327,0.008655916302147177,-0.0024289791765973933,-8.864128244105283e-05,-0.015517324709240471,0.00015288816575675,0.0055368664294314215,0.005485566365363842,-0.015821973273273428,-0.02733778032125096,0.0004920338219663126,0.004602546947593611,-0.04871674349799342,-0.018718597844533464,0.034148160771700596,-0.086700656629294,-0.01251640276264786,0.01073279960114168,0.019239607996360715,0.03536261778034096,-0.05267777318673323,0.020531218344727042,-0.06952796297996004,-0.009066134319647711,-0.041969318111538735,-0.020882406286642452,0.06264675710738946,0.04910602425467214
aan,0.3023500844312615,0.27827457679146256,-0.04567437587886925,-0.14816444308227833,-0.02225792349575546,-0.05340232051208603,-0.07527556645220483,0.01816958801460437,0.03463839836277277,-0.010089083675566901,0.11672708595807627,-0.10689889647766856,0.05115667598969805,0.2281500471447061,-0.13654435960934527,-0.1345663144794221,-0.1273333187538976,0.028261843879741413,-0.03380598534033864,0.017964789098564513,0.14508854151673553,0.035741843376673556,-0.036792300312166966,-0.04870057322744502,0.0037229147975571105,-0.014814923220330747,-0.030487403304662278,0.003554952806022837,-0.0035304354348895074,-0.04597570757578238
m,0.3084610752248536,-0.14313158452525226,0.09914650996614494,0.01940739545605834,-0.01795372326757338,0.04923199901972947,0.048017234948233886,-0.008581589375838904,-0.20315439063196383,-0.056869277369047316,0.026007893969842752,-0.026581800711359464,0.062557498377036,-0.03874915835401877,0.013655057610136705,-0.03903793901953002,0.07205796509907314,0.009055719103268144,-0.007781322427988827,-0.04339982047237648,0.050360057802107845,0.020224613051525727,0.043150637061426494,-0.016600167084091646,0.07534948573683659,-0.05611585680215396,0.05671016306549368,0.01811242424397869,-0.007893600348613786,0.0061878606517163336
l,0.2766968395275998,-0.10518818612576557,0.0939287547300387,0.028331216756796847,-0.014707903705024701,-0.00011097782657828227,0.025743755294431042,0.005664164793278855,-0.0973639807311122,-0.049666930736173294,0.07618679994717742,-0.014748540351157382,0.02809931611425423,-0.016368448584880076,0.04035137685610592,-0.017235926828556326,0.01782929097409705,0.06110726134270708,0.03302711071121314,0.027877168621112013,0.005135384277449507,-0.0010776998580392077,0.013863056874475338,-0.031114343727716973,0.006112367909931037,0.0655578449503548,0.09688887611300517,0.02340315923881,0.023699746429472864,0.08220019796115456
n,0.3063508671881865,-0.10364243185089336,0.11330434511811611,-0.00435046340662924,0.1119970031299687,0.01831759974900719,0.010030918719681588,-0.01609641454800763,-0.09900975478863602,-0.051976892332724935,0.0424308706047286,-0.015902763151175395,-0.007601094204689104,-0.06973636678095098,0.00891640634604525,-0.02037699584133638,-0.011811027625474986,0.029899574875339615,-0.05909209111684239,-0.02612228395896195,0.011085600001320566,-0.03236507089130514,-0.004122277142188504,0.017603670707581214,-0.03543908940583534,0.0047788677181673945,-0.04999752948835848,-0.003923144476585645,-0.03790845351993178,0.010370721957574025
p,0.2773634746006022,-0.11743061356050521,0.05755304205492682,0.011192077826742168,-0.06976865426037486,0.00015466275911834028,-0.028575487729733926,0.012406967489372818,-0.11981527336193613,-0.05634165386069176,-0.02580758709843048,0.10164956832834657,0.10458932898064914,0.00031038826800119435,0.01694362369849029,0.008040582202157948,0.008732193875594098,-0.030737866313111206,0.05220591622794482,-0.0006405901456132453,0.03266444252621776,0.04441341597381519,-0.027927215278186812,-0.008581713897866055,0.06781885292016644,0.005387423141170936,0.018218803582867663,-0.013286533793809193,0.039243952247731625,-0.011522524588229645
s,0.3205915786448253,-0.0890228170945419,0.03902417843797929,0.006092785128282448,0.05973771656962826,0.003055843102574485,0.004664384710680678,0.039216254240692104,-0.007471555289125432,0.01423097284400865,0.05842631205511098,-0.007315060116582359,0.00828593135699766,-0.027789425064266814,-0.04288360269165911,0.02524612555484224,0.011156876443330814,-0.0022903652160170263,-0.030091813896018362,-0.022259261352197184,-0.016555093090428203,0.015019712777345201,-0.027974990992968494,0.03154651271466097,-0.011031249829083939,-0.03356110968990702,0.019668855468715822,-0.00909357791514958,-0.011968529264420295,-0.01582984097844298
sh,0.29903260412970684,-0.11630835086493656,0.0807047490416545,-0.0006474294032652412,-0.06711416272765577,-0.011665564061264445,0.0017773768973151315,0.02067052633199826,0.04165327865201678,0.012162858071577434,0.06156084147497252,0.029289965233987775,-0.019513858596211176,-0.016102904091241505,-0.006420151861812727,0.01973166456912593,-0.00613685875670693,0.028095144056570057,0.049258812251888134,0.07185754557400667,0.01374706629427113,-0.07533404354833133,0.0014577443293513981,-0.06431465023312756,-0.03913960596146907,0.049218604236498244,0.07266444018427488,0.028357726594004515,0.12468363751421532,-0.04732524995709295
uh,0.20631110667058128,0.1441658398721201,-0.14134656236630155,-0.07995430071056256,0.07375236596147197,-0.08116632699109189,-0.038241686832033134,0.012407014685390747,0.04305798434210044,-0.1410940031561597,0.050765952200126,-0.019011950647336878,-0.01021745893552766,0.13265588807627718,-0.039329050041004475,-0.11067343837309965,0.007187482799308064,0.06855474327526867,0.1105183696679633,-0.12373573977831154,0.004553739623705546,-0.07547263607746153,0.034766378557278294,0.006678356449015161,0.06396299929419662,0.01965093994197203,-0.002813254656242338,-0.010368950683613013,-0.00976162571185249,0.022844484550532784
oy,0.212885667462993,0.13126208712686055,-0.1336677315988186,0.12537132258469794,0.043450299605830474,-0.033381621602420655,-0.08065680778786637,0.020189695237980067,-0.011612690875799823,-0.21990550423516778,-0.019281482008019594,-0.08611445606134582,-0.1749425667041507,-0.01401562269323568,0.11700512078426928,-0.08781987500832338,0.017837763798196255,0.01222304250753166,0.023314818827640423,0.21610717617169217,-0.04505835697316902,0.04929011496228746,0.014338519132684862,0.04978707558067694,0.09296529343561867,-0.0325570522468586,-0.09256687528455754,0.053967173759579955,0.049342674840399454,0.03693174199472344
v,0.3133118321630416,-0.14629596495281894,0.15875187995468634,0.0026865063825518907,0.010744711666851058,-0.001491358055385314,0.015381711393341324,-0.016936894103949485,-0.12254468252069457,-0.06463198787128374,-0.021129730586142564,-0.00042897764515575356,0.04344756368449664,-0.042609281303006105,-0.023507153762090283,-0.06339875437386452,0.006278095054355901,-0.01738857765104263,-0.01206567222050042,-0.0294135321098482,-0.014337071751293269,-0.02441703186984334,0.014719018727870898,0.01594137047637832,0.041966212230544184,-0.06350391119043729,-0.06162328306996009,-0.03543111282482278,-0.0003821756655133793,-0.06461251117958805
ow,0.2550444165898168,-0.007637133619884132,-0.17927283919220002,-0.011770551559791762,0.027371125739141914,-0.0060420185434664425,-0.01612962407883688,-0.013234778642908444,-0.0509669774165286,-0.018175075218675403,-0.09127501754020186,0.017770534123004222,-0.062442787791199154,-0.019537795158858114,-0.03251982040914162,0.077563166730175,0.0412759457343158,-0.013027272110892,-0.07302035557488995,0.005451710248106813,0.05820395409915216,0.019255792878744883,-0.027555591382163555,-0.028602147806955584,-0.036704777708998604,0.05387759956193066,0.03546524519736298,-0.042964749772829,-0.03658303779377072,0.05943114862835685
ey,0.21617188151337408,0.05303129885579249,-0.1706856763169455,-0.033861556226317924,0.05162009797130272,-0.028045645099913072,-0.07232838625099575,0.033786216185165106,0.019677953440579432,-0.03750712762211579,0.0003026830167483097,-0.04074828599301081,0.0008546621838338152,-0.004548786018806592,0.04006567587692418,-0.024207462596125554,0.020659035354124916,-0.027230304207765826,0.01748200832776734,-0.08313666536810356,0.0291503450963064,-0.019224682099318924,0.0005296295545352974,0.0030941092502257505,-0.019486068358352676,0.021270940355334826,0.03492322807496156,-0.0011911597746483943,-0.006488711596316585,-0.001311436517982829
ern,0.409570483571583,1.0215214829019643,0.50279805810388,-0.6164971311927264,-0.01584306806582033,0.08889355259029713,0.04497761890159883,0.03792111446099135,0.03605090751974005,-0.04068570057218256,-0.051448975035720844,0.02796214676051929,-0.016880340784787253,-0.06662479058365185,0.03331535650282507,0.05365814267263042,0.04350341462614496,-0.01836800280538439,0.020450963284187006,0.014995770143461769,-0.028639865259641406,0.00462351439830146,-0.0005374228484910683,0.008088312515001044,0.00035869038762168214,-0.0078245421237222,0.007680724232134234,-0.0016285713025101904,-0.0025011507053857044,0.009827839103605782
z,0.32545076115246924,-0.14164353337646504,0.09448754027221257,0.016478411760485666,0.09937172006255021,0.007425934719948048,0.009073793088569388,-0.018413365458011588,-0.05793695612198261,-0.009774230029417793,-0.028567638451441186,-0.045837995233301114,0.015391356852941398,-0.01784571228421435,-0.020637458362176796,0.003959322721927206,0.020299088338149425,-0.035186473876132704,-0.00279973666463421,-0.01929530529594409,0.017183110707919745,0.00628636012617703,0.023301969764644735,-0.027754179962768823,0.03432543122880558,-0.04324946465013406,-0.0034610624720797264,0.02345186774159524,-0.009062290625261607,-0.03111446907986949
uw,0.22375432871792933,-0.007325621037333666,-0.20518256837521817,-0.039587869900107486,0.040820192499995946,-0.10396112064901804,0.1386385914751465,0.1076707314343657,0.002642473650222301,0.0628817478692205,-0.025463766120150912,0.0038151983840458603,-0.016532267832490666,-0.06066366103939033,-0.01279186246516705,-0.011542028941261643,-0.02792176594621208,-0.0019995376969693334,0.14118931213052124,-0.041674724236716455,-0.030150687070907223,-0.0016262008761704155,0.025337153980259926,0.08761983586494138,-0.09814270776427747,-0.1365489841014124,0.027011187656332012,0.08309476981518356,0.01687299978810126,-0.032491532528269335
aen,0.2950384621699347,0.12232481159991578,-0.18810409491606134,-0.022894258465871873,-0.08290837630405229,0.030548997758869927,-0.10879483229571595,-0.024895615553524934,0.11140228746922325,0.14086786236778256,0.26223081398122433,0.01595581924535417,0.18423687301873634,-0.14569235560997063,-0.11687905846812033,-0.08879193992033436,0.021766371486428553,0.05729600836602526,-0.053970693094577804,0.1454188481535966,-0.04219258136859855,-0.025574232278433508,0.09784226617661428,0.05588028928807745,0.02578583102630297,-0.020480641579639147,0.040217596112678645,0.00942923448329261,-0.03756894082125921,0.041003557964644145
